******************************
0	0	0	0
0	0	4920	4920
0	0	8174	8174
0	0	12321	12321
0	0	13514	13514
0	0	20030	20030
0	0	24391	24391
0	0	31459	31459
0	0	33480	33480
0	0	33480	0
0	0	33480	5147
0	0	33480	8682
0	0	33480	13769
0	0	33480	17445
0	0	33480	19457
0	0	33480	24972
0	0	33480	28226
0	0	34823	34823
0	0	36394	36394
0	0	41230	41230
0	0	43532	43532
0	0	49078	49078
0	0	55004	55004
0	0	55004	0
0	0	55004	33932
0	0	68171	68171
0	0	68171	0
0	0	68171	2989
0	0	68171	5826
0	0	68171	13222
0	0	68171	14315
0	0	68171	16949
0	0	68171	18219
0	0	68171	23811
0	0	68171	29039
0	0	68171	32122
0	0	68171	37386
0	0	68171	43831
0	0	68171	46456
0	0	68171	0
0	0	68171	5939
0	0	68171	7184
0	0	68171	11331
0	0	68171	15682
0	0	68171	17729
0	0	68171	20162
0	0	68171	22203
0	0	68171	29015
0	0	68171	34058
0	0	68171	35421
0	0	68171	38892
0	0	68171	40991
0	0	68171	45447
0	0	68171	0
0	0	68171	5249
0	0	68171	10571
0	0	68171	11868
0	0	68171	18330
0	0	68171	21926
0	0	68171	27668
0	0	68171	31787
0	0	68171	36643
0	0	68171	41062
0	0	68171	45133
0	0	68171	47014
0	0	68171	52917
0	0	68171	55491
0	0	68171	0
0	0	68171	1983
0	0	68171	12536
0	0	68171	23091
0	0	68171	0
0	0	68171	2443
0	0	68171	6119
0	0	68171	14198
0	0	68171	16889
0	0	68171	23737
0	0	68171	28176
0	0	68171	34763
0	0	68171	39435
0	0	68171	45388
0	0	68171	47366
0	0	68171	49507
0	0	68171	0
0	0	68171	6699
0	0	68171	14737
0	0	68171	16282
0	0	68171	24442
0	0	68171	26803
0	0	68171	28316
0	0	68171	30760
0	0	68171	33395
0	0	68171	0
0	0	68171	2193
0	0	68171	12380
0	0	68171	14377
0	0	68171	21518
0	0	68171	24500
0	0	68171	32762
0	0	68171	35918
0	0	68171	42345
0	0	68171	0
0	0	68171	3291
0	0	68171	14847
0	0	68171	22880
0	0	68171	29804
0	0	68171	33863
0	0	68171	45656
0	0	68171	0
0	0	68171	4241
0	0	68171	11961
0	0	68171	23480
0	0	68171	25410
0	0	68171	27069
0	0	68171	31651
0	0	68171	0
0	0	68171	1167
0	0	68171	8932
0	0	68171	10384
0	0	68171	15850
0	0	68171	18766
0	0	68171	26180
0	0	68171	33824
0	0	68171	41402
0	0	68171	49184
0	0	68171	57694
0	0	68171	0
0	0	68171	2055
0	0	68171	6423
0	0	68171	15282
0	0	68171	22728
0	0	68171	27194
0	0	68171	33568
0	0	68171	41689
0	0	68171	46165
0	0	68171	0
0	0	68171	19642
0	0	68171	0
0	0	68171	19756
0	0	68171	25259
0	0	68171	40219
0	0	68171	0
0	0	68171	4799
0	0	68171	10010
0	0	68171	14370
0	0	68171	15665
0	0	68171	19521
0	0	68171	25763
0	0	68171	28960
0	0	68171	35292
0	0	68171	36621
0	0	68171	39205
0	0	68171	46146
0	0	68171	50299
0	0	68171	0
0	0	68171	4130
0	0	68171	7419
0	0	68171	16559
0	0	68171	26679
0	0	68171	36241
0	0	68171	38724
0	0	68171	41922
0	0	68171	43462
0	0	68171	0
0	0	68171	3764
0	0	68171	9959
0	0	68171	13921
0	0	68171	16686
0	0	68171	20497
0	0	68171	27191
0	0	68171	32858
0	0	68171	34567
0	0	68171	35574
0	0	68171	38277
0	0	68171	41762
0	0	68171	46862
0	0	68171	0
0	0	68171	4352
0	0	68171	14916
0	0	68171	17645
0	0	68171	31223
0	0	68171	40120
0	0	68171	41516
0	0	68171	0
0	0	68171	1865
0	0	68171	5228
0	0	68171	15055
0	0	68171	20156
0	0	68171	30489
0	0	68171	41348
0	0	68171	50491
0	0	68171	0
0	0	68171	4576
0	0	68171	9946
0	0	68171	15844
0	0	68171	19073
0	0	68171	25089
0	0	68171	27663
0	0	68171	34593
0	0	68171	36172
0	0	68171	40841
0	0	68171	45251
0	0	68171	50588
0	0	68171	53974
0	0	68171	58395
0	0	68171	0
0	0	68171	13015
0	0	68171	0
0	0	68171	1013
0	0	68171	5241
0	0	68171	9488
0	0	68171	16857
0	0	68171	17953
0	0	68171	19903
0	0	68171	21397
0	0	68171	29922
0	0	68171	35847
0	0	68171	0
0	0	68171	5823
0	0	68171	16391
0	0	68171	21659
0	0	68171	27300
0	0	68171	36085
0	0	68171	44997
0	0	68171	56091
0	0	68171	0
0	0	68171	3701
0	0	68171	11068
0	0	68171	15453
0	0	68171	16497
0	0	68171	22646
0	0	68171	28548
0	0	68171	34753
0	0	68171	40118
0	0	68171	43872
0	0	68171	49407
0	0	68171	51373
0	0	68171	0
0	0	68171	4156
0	0	68171	7655
0	0	68171	8970
0	0	68171	15291
0	0	68171	21903
0	0	68171	28178
0	0	68171	33454
0	0	68171	35571
0	0	68171	36662
0	0	68171	42921
0	0	68171	48870
0	0	68171	50272
0	0	68171	55948
0	0	68171	0
0	0	68171	2666
0	0	68171	6097
0	0	68171	7607
0	0	68171	9145
0	0	68171	14613
0	0	68171	20488
0	0	68171	22558
0	0	68171	24978
0	0	68171	31799
0	0	68171	37648
0	0	68171	42097
0	0	68171	47529
0	0	68171	0
0	0	68171	9337
0	0	68171	18575
0	0	68171	29039
0	0	68171	47591
0	0	68171	0
0	0	68171	1056
0	0	68171	2421
0	0	68171	6492
0	0	68171	13073
0	0	68171	21343
0	0	68171	29502
0	0	68171	33866
0	0	68171	44602
0	0	68171	0
0	0	68171	13028
0	0	68171	18854
0	0	68171	34834
0	0	68171	36566
0	0	68171	0
0	0	68171	4907
0	0	68171	6789
0	0	68171	9472
0	0	68171	14191
0	0	68171	20647
0	0	68171	25504
0	0	68171	28701
0	0	68171	32685
0	0	68171	39134
0	0	68171	40851
0	0	68171	44134
0	0	68171	46849
0	0	68171	49101
0	0	68171	54170
0	0	68171	0
0	0	68171	7361
0	0	68171	9223
0	0	68171	12166
0	0	68171	17105
0	0	68171	22480
0	0	68171	26284
0	0	68171	30369
0	0	68171	36040
0	0	68171	37180
0	0	68171	43915
0	0	68171	51825
0	0	68171	0
0	0	68171	5454
0	0	68171	12650
0	0	68171	16397
0	0	68171	23451
0	0	68171	29840
0	0	68171	35627
0	0	68171	39049
0	0	68171	47133
0	0	68171	0
0	0	68171	1198
0	0	68171	6371
0	0	68171	10854
0	0	68171	16129
0	0	68171	19549
0	0	68171	24345
0	0	68171	25859
0	0	68171	29064
0	0	68171	34574
0	0	68171	39257
0	0	68171	43042
0	0	68171	47264
0	0	68171	49395
0	0	68171	53820
0	0	68171	55751
0	0	68171	0
0	0	68171	2594
0	0	68171	8527
0	0	68171	9846
0	0	68171	12720
0	0	68171	17259
0	0	68171	18452
0	0	68171	24104
0	0	68171	27975
0	0	68171	30575
0	0	68171	34787
0	0	68171	37135
0	0	68171	39246
0	0	68171	42557
0	0	68171	44238
0	0	68171	49355
0	0	68171	0
0	0	68171	6937
0	0	68171	24871
0	0	68171	42418
0	0	68171	44623
0	0	68171	0
0	0	68171	42207
0	0	68171	0
0	0	68171	6720
0	0	68171	13551
0	0	68171	19668
0	0	68171	22174
0	0	68171	28564
0	0	68171	32681
0	0	68171	37493
0	0	68171	40612
0	0	68171	42599
0	0	68171	47493
0	0	68171	54222
0	0	68171	57147
0	0	68171	0
0	0	68171	1550
0	0	68171	6520
0	0	68171	16176
0	0	68171	19082
0	0	68171	23833
0	0	68171	28617
0	0	68171	31905
0	0	68171	33444
0	0	68171	39659
0	0	68171	0
0	0	68171	13027
0	0	68171	20838
0	0	68171	0
0	0	68171	13850
0	0	68171	24603
0	0	68171	34584
0	0	68171	40908
0	0	68171	49023
0	0	68171	54904
0	0	68171	0
0	0	68171	2785
0	0	68171	5882
0	0	68171	11582
0	0	68171	19053
0	0	68171	21298
0	0	68171	22448
0	0	68171	27004
0	0	68171	31789
0	0	68171	36119
0	0	68171	37831
0	0	68171	40221
0	0	68171	0
0	0	68171	7365
0	0	68171	17491
0	0	68171	27721
0	0	68171	29697
0	0	68171	38998
0	0	68171	42659
0	0	68171	47525
0	0	68171	51436
0	0	68171	0
0	0	68171	9208
0	0	68171	13444
0	0	68171	0
0	0	68171	5215
0	0	68171	9691
0	0	68171	11010
0	0	68171	17115
0	0	68171	19858
0	0	68171	21593
0	0	68171	23203
0	0	68171	27557
0	0	68171	32896
0	0	68171	37722
0	0	68171	39211
0	0	68171	42109
0	0	68171	43181
0	0	68171	46702
0	0	68171	51038
0	0	68171	0
0	0	68171	4177
0	0	68171	6939
0	0	68171	9026
0	0	68171	15547
0	0	68171	22440
0	0	68171	26017
0	0	68171	33740
0	0	68171	36034
0	0	68171	38419
0	0	68171	45287
0	0	68171	46434
0	0	68171	0
0	0	68171	7065
0	0	68171	11248
0	0	68171	16525
0	0	68171	22764
0	0	68171	27235
0	0	68171	28424
0	0	68171	31207
0	0	68171	37160
0	0	68171	39946
0	0	68171	44213
0	0	68171	0
0	0	68171	7666
0	0	68171	14619
0	0	68171	16100
0	0	68171	19749
0	0	68171	21017
0	0	68171	24716
0	0	68171	31078
0	0	68171	39541
0	0	68171	0
0	0	68171	1434
0	0	68171	4716
0	0	68171	7195
0	0	68171	11493
0	0	68171	18188
0	0	68171	23895
0	0	68171	28093
0	0	68171	33710
0	0	68171	38110
0	0	68171	41104
0	0	68171	47227
0	0	68171	50668
0	0	68171	54480
0	0	68171	0
0	0	68171	1111
0	0	68171	6768
0	0	68171	8133
0	0	68171	9890
0	0	68171	16245
0	0	68171	17422
0	0	68171	25878
0	0	68171	0
0	0	68171	11258
0	0	68171	27531
0	0	68171	39199
0	0	68171	0
0	0	68171	9867
0	0	68171	14109
0	0	68171	18029
0	0	68171	34476
0	0	68171	0
0	0	68171	4729
0	0	68171	7336
0	0	68171	13868
0	0	68171	32424
0	0	68171	0
0	0	68171	4987
0	0	68171	6397
0	0	68171	9278
0	0	68171	11239
0	0	68171	15297
0	0	68171	22104
0	0	68171	30491
0	0	68171	38249
0	0	68171	47044
0	0	68171	48678
0	0	68171	0
0	0	68171	5811
0	0	68171	9703
0	0	68171	11562
0	0	68171	17306
0	0	68171	24551
0	0	68171	31617
0	0	68171	38992
0	0	68171	40734
0	0	68171	46729
0	0	68171	51048
0	0	68171	53403
0	0	68171	60625
0	0	68171	0
0	0	68171	30020
0	0	68171	34049
0	0	68171	0
0	0	68171	2245
0	0	68171	13219
0	0	68171	28591
0	0	68171	40214
0	0	68171	48646
0	0	68171	0
0	0	68171	5880
0	0	68171	7876
0	0	68171	9847
0	0	68171	17722
0	0	68171	19896
0	0	68171	22874
0	0	68171	24660
0	0	68171	32992
0	0	68171	37268
0	0	68171	44071
0	0	68171	0
0	0	68171	8215
0	0	68171	14268
0	0	68171	22785
0	0	68171	25210
0	0	68171	27022
0	0	68171	29579
0	0	68171	39927
0	0	68171	50173
0	0	68171	0
0	0	68171	8700
0	0	68171	13291
0	0	68171	19084
0	0	68171	24518
0	0	68171	25976
0	0	68171	32582
0	0	68171	38343
0	0	68171	39991
0	0	68171	45012
0	0	68171	49416
0	0	68171	0
0	0	68171	3989
0	0	68171	6389
0	0	68171	14165
0	0	68171	21362
0	0	68171	29168
0	0	68171	39750
0	0	68171	45650
0	0	68171	48368
0	0	68171	0
0	0	68171	6068
0	0	68171	7607
0	0	68171	10748
0	0	68171	12225
0	0	68171	13586
0	0	68171	15794
0	0	68171	20884
0	0	68171	22464
0	0	68171	28411
0	0	68171	34362
0	0	68171	36174
0	0	68171	41552
0	0	68171	47356
0	0	68171	52994
0	0	68171	58306
0	0	68171	0
0	0	68171	4474
0	0	68171	0
0	0	68171	6360
0	0	68171	10885
0	0	68171	15740
0	0	68171	20761
0	0	68171	23720
0	0	68171	26197
0	0	68171	27910
0	0	68171	32344
0	0	68171	38146
0	0	68171	40350
0	0	68171	43685
0	0	68171	48177
0	0	68171	54003
0	0	68171	55209
0	0	68171	0
0	0	68171	7145
0	0	68171	20238
0	0	68171	21736
0	0	68171	24988
0	0	68171	40302
0	0	68171	0
0	0	68171	15174
0	0	68171	31539
0	0	68171	41639
0	0	68171	58243
0	0	68171	0
0	0	68171	4036
0	0	68171	6371
0	0	68171	7743
0	0	68171	8876
0	0	68171	11627
0	0	68171	14718
0	0	68171	20994
0	0	68171	26161
0	0	68171	29480
0	0	68171	34333
0	0	68171	38359
0	0	68171	40709
0	0	68171	43920
0	0	68171	49947
0	0	68171	0
0	0	68171	11739
0	0	68171	19707
0	0	68171	25983
0	0	68171	34088
0	0	68171	37510
0	0	68171	49072
0	0	68171	57130
0	0	68171	0
0	0	68171	2984
0	0	68171	6189
0	0	68171	11665
0	0	68171	16042
0	0	68171	18242
0	0	68171	19833
0	0	68171	22633
0	0	68171	27234
0	0	68171	28973
0	0	68171	30843
0	0	68171	34866
0	0	68171	40465
0	0	68171	45097
0	0	68171	48400
0	0	68171	52097
0	0	68171	0
0	0	68171	4576
0	0	68171	13892
0	0	68171	24319
0	0	68171	32021
0	0	68171	41775
0	0	68171	49390
0	0	68171	58705
0	0	68171	63075
0	0	68171	0
0	0	68171	2000
0	0	68171	3421
0	0	68171	5475
0	0	68171	8290
0	0	68171	13621
0	0	68171	21552
0	0	68171	24290
0	0	68171	29559
0	0	68171	31803
0	0	68171	38599
0	0	68171	0
0	0	68171	6883
0	0	68171	13363
0	0	68171	16874
0	0	68171	20098
0	0	68171	25584
0	0	68171	28469
0	0	68171	32017
0	0	68171	35699
0	0	68171	40169
0	0	68171	43408
0	0	68171	48235
0	0	68171	0
0	0	68171	7184
0	0	68171	16764
0	0	68171	18763
0	0	68171	24500
0	0	68171	29311
0	0	68171	37879
0	0	68171	42118
0	0	68171	50585
0	0	68171	55377
0	0	68171	0
0	0	68171	5675
0	0	68171	7665
0	0	68171	0
0	0	68171	7726
0	0	68171	15592
0	0	68171	23346
0	0	68171	27975
0	0	68171	30544
0	0	68171	31649
0	0	68171	35118
0	0	68171	38026
0	0	68171	42218
0	0	68171	44034
0	0	68171	0
0	0	68171	2930
0	0	68171	0
0	0	68171	6502
0	0	68171	11042
0	0	68171	18277
0	0	68171	19852
0	0	68171	21603
0	0	68171	25302
0	0	68171	27588
0	0	68171	31199
0	0	68171	33890
0	0	68171	40516
0	0	68171	46001
0	0	68171	0
0	0	68171	3321
0	0	68171	5651
0	0	68171	12961
0	0	68171	19640
0	0	68171	23665
0	0	68171	27810
0	0	68171	37180
0	0	68171	43621
0	0	68171	44948
0	0	68171	0
0	0	68171	24773
0	0	68171	39021
0	0	68171	52215
0	0	68171	0
0	0	68171	9446
0	0	68171	12484
0	0	68171	15315
0	0	68171	24149
0	0	68171	34881
0	0	68171	41003
0	0	68171	45844
0	0	68171	0
0	0	68171	4822
0	0	68171	12004
0	0	68171	17863
0	0	68171	23591
0	0	68171	29776
0	0	68171	34051
0	0	68171	35070
0	0	68171	41647
0	0	68171	47290
0	0	68171	50323
0	0	68171	0
0	0	68171	5994
0	0	68171	8408
0	0	68171	11425
0	0	68171	16483
0	0	68171	18418
0	0	68171	20054
0	0	68171	22020
0	0	68171	26652
0	0	68171	31689
0	0	68171	37305
0	0	68171	41991
0	0	68171	46665
0	0	68171	0
0	0	68171	3106
0	0	68171	6840
0	0	68171	11863
0	0	68171	18019
0	0	68171	19421
0	0	68171	23133
0	0	68171	28152
0	0	68171	30942
0	0	68171	35950
0	0	68171	37067
0	0	68171	41824
0	0	68171	47832
0	0	68171	53915
0	0	68171	60020
0	0	68171	0
0	0	68171	4042
0	0	68171	11149
0	0	68171	16031
0	0	68171	22966
0	0	68171	24656
0	0	68171	29083
0	0	68171	31429
0	0	68171	33520
0	0	68171	38163
0	0	68171	45260
0	0	68171	47164
0	0	68171	54358
0	0	68171	0
0	0	68171	7018
0	0	68171	16043
0	0	68171	24513
0	0	68171	26372
0	0	68171	32694
0	0	68171	34922
0	0	68171	39751
0	0	68171	48648
0	0	68171	52260
0	0	68171	0
0	0	68171	4117
0	0	68171	5773
0	0	68171	10701
0	0	68171	12209
0	0	68171	14876
0	0	68171	20408
0	0	68171	24118
0	0	68171	25891
0	0	68171	28822
0	0	68171	32055
0	0	68171	37349
0	0	68171	41513
0	0	68171	45346
0	0	68171	49066
0	0	68171	0
0	0	68171	3205
0	0	68171	7703
0	0	68171	10614
0	0	68171	13019
0	0	68171	16092
0	0	68171	20046
0	0	68171	22943
0	0	68171	24690
0	0	68171	30702
0	0	68171	34596
0	0	68171	36405
0	0	68171	38727
0	0	68171	41764
0	0	68171	46844
0	0	68171	52486
0	0	68171	0
0	0	68171	3140
0	0	68171	8639
0	0	68171	13734
0	0	68171	20521
0	0	68171	23808
0	0	68171	27332
0	0	68171	32264
0	0	68171	37085
0	0	68171	38142
0	0	68171	43006
0	0	68171	49713
0	0	68171	57185
0	0	68171	0
0	0	68171	5519
0	0	68171	9291
0	0	68171	10717
0	0	68171	15012
0	0	68171	17930
0	0	68171	25679
0	0	68171	31578
0	0	68171	38624
0	0	68171	44179
0	0	68171	47046
0	0	68171	48110
0	0	68171	0
0	0	68171	1971
0	0	68171	5968
0	0	68171	11700
0	0	68171	15827
0	0	68171	20671
0	0	68171	23059
0	0	68171	24368
0	0	68171	28614
0	0	68171	31399
0	0	68171	36022
0	0	68171	41821
0	0	68171	42986
0	0	68171	49158
0	0	68171	53420
0	0	68171	0
0	0	68171	1318
0	0	68171	9460
0	0	68171	11701
0	0	68171	16461
0	0	68171	26135
0	0	68171	33554
0	0	68171	36020
0	0	68171	45293
0	0	68171	49867
0	0	68171	0
0	0	68171	5856
0	0	68171	16231
0	0	68171	20277
0	0	68171	23686
0	0	68171	27655
0	0	68171	28926
0	0	68171	34204
0	0	68171	44696
0	0	68171	0
0	0	68171	4411
0	0	68171	14008
0	0	68171	26152
0	0	68171	28579
0	0	68171	0
0	0	68171	4018
0	0	68171	8175
0	0	68171	12410
0	0	68171	18195
0	0	68171	19921
0	0	68171	23362
0	0	68171	26856
0	0	68171	29303
0	0	68171	31719
0	0	68171	33075
0	0	68171	37803
0	0	68171	40453
0	0	68171	41873
0	0	68171	45556
0	0	68171	51623
0	0	68171	0
0	0	68171	3769
0	0	68171	5071
0	0	68171	11416
0	0	68171	14487
0	0	68171	19453
0	0	68171	25552
0	0	68171	26618
0	0	68171	28566
0	0	68171	31240
0	0	68171	37088
0	0	68171	41360
0	0	68171	44071
0	0	68171	46638
0	0	68171	0
0	0	68171	4066
0	0	68171	9420
0	0	68171	14393
0	0	68171	16828
0	0	68171	17979
0	0	68171	24657
0	0	68171	32613
0	0	68171	35338
0	0	68171	37510
0	0	68171	40158
0	0	68171	47884
0	0	68171	0
0	0	68171	63544
0	0	68171	0
0	0	68171	1256
0	0	68171	3883
0	0	68171	7151
0	0	68171	8852
0	0	68171	10955
0	0	68171	18389
0	0	68171	25324
0	0	68171	29482
0	0	68171	36792
0	0	68171	44008
0	0	68171	0
0	0	68171	7434
0	0	68171	9027
0	0	68171	16528
0	0	68171	20288
0	0	68171	27537
0	0	68171	32882
0	0	68171	42323
0	0	68171	45729
0	0	68171	55321
0	0	68171	0
0	0	68171	2511
0	0	68171	4993
0	0	68171	6759
0	0	68171	16358
0	0	68171	25201
0	0	68171	31633
0	0	68171	0
0	0	68171	3421
0	0	68171	15700
0	0	68171	25167
0	0	68171	34828
0	0	68171	40905
0	0	68171	50081
0	0	68171	0
0	0	68171	8657
0	0	68171	19537
0	0	68171	24822
0	0	68171	27104
0	0	68171	37130
0	0	68171	49902
0	0	68171	0
0	0	68171	3429
0	0	68171	22162
0	0	68171	41165
0	0	68171	59374
0	0	68171	0
0	0	68171	2400
0	0	68171	4910
0	0	68171	12291
0	0	68171	18255
0	0	68171	25322
0	0	68171	27972
0	0	68171	33279
0	0	68171	38999
0	0	68171	45346
0	0	68171	47906
0	0	68171	50296
0	0	68171	52530
0	0	68171	0
0	0	68171	3697
0	0	68171	10760
0	0	68171	16061
0	0	68171	20871
0	0	68171	27549
0	0	68171	33339
0	0	68171	37600
0	0	68171	42421
0	0	68171	47908
0	0	68171	52535
0	0	68171	54714
0	0	68171	55741
0	0	68171	0
0	0	68171	1973
0	0	68171	5043
0	0	68171	14922
0	0	68171	24889
0	0	68171	27622
0	0	68171	36941
0	0	68171	43340
0	0	68171	47801
0	0	68171	0
0	0	68171	4723
0	0	68171	14285
0	0	68171	21873
0	0	68171	29069
0	0	68171	32893
0	0	68171	34798
0	0	68171	43467
0	0	68171	47959
0	0	68171	55663
0	0	68171	0
0	0	68171	5398
0	0	68171	6764
0	0	68171	12351
0	0	68171	14195
0	0	68171	16622
0	0	68171	22391
0	0	68171	25136
0	0	68171	29477
0	0	68171	34718
0	0	68171	37740
0	0	68171	38931
0	0	68171	42344
0	0	68171	47870
0	0	68171	52039
0	0	68171	57357
0	0	68171	0
0	0	68171	9256
0	0	68171	13667
0	0	68171	15259
0	0	68171	28451
0	0	68171	32809
0	0	68171	41973
0	0	68171	0
0	0	68171	7206
0	0	68171	14583
0	0	68171	21988
0	0	68171	23229
0	0	68171	26749
0	0	68171	32170
0	0	68171	35364
0	0	68171	39762
0	0	68171	42892
0	0	68171	48639
0	0	68171	55440
0	0	68171	0
0	0	68171	12096
0	0	68171	14593
0	0	68171	34764
0	0	68171	0
0	0	68171	5536
0	0	68171	13144
0	0	68171	15967
0	0	68171	17928
0	0	68171	20615
0	0	68171	24248
0	0	68171	30490
0	0	68171	37462
0	0	68171	44488
0	0	68171	45573
0	0	68171	0
0	0	68171	10337
0	0	68171	17158
0	0	68171	23436
0	0	68171	26999
0	0	68171	29463
0	0	68171	36197
0	0	68171	43344
0	0	68171	0
0	0	68171	2400
0	0	68171	15292
0	0	68171	19040
0	0	68171	24080
0	0	68171	29761
0	0	68171	0
0	0	68171	2532
0	0	68171	7675
0	0	68171	10249
0	0	68171	16721
0	0	68171	18742
0	0	68171	23867
0	0	68171	27643
0	0	68171	36448
0	0	68171	42893
0	0	68171	46053
0	0	68171	0
0	0	68171	7993
0	0	68171	14123
0	0	68171	21019
0	0	68171	27743
0	0	68171	35162
0	0	68171	37954
0	0	68171	43745
0	0	68171	50172
0	0	68171	54567
0	0	68171	61180
0	0	68171	0
0	0	68171	7106
0	0	68171	20890
0	0	68171	25577
0	0	68171	41084
0	0	68171	44873
0	0	68171	0
0	0	68171	3061
0	0	68171	9719
0	0	68171	10871
0	0	68171	13024
0	0	68171	19689
0	0	68171	21103
0	0	68171	28045
0	0	68171	30651
0	0	68171	33787
0	0	68171	35893
0	0	68171	37383
0	0	68171	38988
0	0	68171	0
0	0	68171	6954
0	0	68171	8517
0	0	68171	13854
0	0	68171	17882
0	0	68171	24239
0	0	68171	28616
0	0	68171	34408
0	0	68171	39333
0	0	68171	42488
0	0	68171	46129
0	0	68171	52898
0	0	68171	59378
0	0	68171	63054
0	0	68171	0
0	0	68171	1041
0	0	68171	10358
0	0	68171	18791
0	0	68171	21492
0	0	68171	23362
0	0	68171	27165
0	0	68171	31626
0	0	68171	35277
0	0	68171	37124
0	0	68171	0
0	0	68171	10910
0	0	68171	30580
0	0	68171	42296
0	0	68171	44955
0	0	68171	0
0	0	68171	30352
0	0	68171	67490
0	0	68171	0
0	0	68171	2741
0	0	68171	5517
0	0	68171	9349
0	0	68171	10891
0	0	68171	12276
0	0	68171	15723
0	0	68171	17404
0	0	68171	19083
0	0	68171	26004
0	0	68171	29438
0	0	68171	32212
0	0	68171	37122
0	0	68171	40481
0	0	68171	0
0	0	68171	44970
0	0	68171	0
0	0	68171	10466
0	0	68171	20266
0	0	68171	25381
0	0	68171	36037
0	0	68171	44996
0	0	68171	48551
0	0	68171	54702
0	0	68171	61798
0	0	68171	0
0	0	68171	6669
0	0	68171	10040
0	0	68171	18689
0	0	68171	23324
0	0	68171	25888
0	0	68171	29602
0	0	68171	35650
0	0	68171	44304
0	0	68171	0
0	0	68171	6230
0	0	68171	10948
0	0	68171	15155
0	0	68171	20469
0	0	68171	24987
0	0	68171	26052
0	0	68171	30777
0	0	68171	36796
0	0	68171	39593
0	0	68171	43881
0	0	68171	47910
0	0	68171	51582
0	0	68171	54094
0	0	68171	0
0	0	68171	3881
0	0	68171	4932
0	0	68171	7317
0	0	68171	12913
0	0	68171	14866
0	0	68171	22296
0	0	68171	28420
0	0	68171	34855
0	0	68171	39767
0	0	68171	45309
0	0	68171	48374
0	0	68171	51296
0	0	68171	0
0	0	68171	6876
0	0	68171	9286
0	0	68171	13758
0	0	68171	21244
0	0	68171	29306
0	0	68171	30678
0	0	68171	32805
0	0	68171	40142
0	0	68171	44985
0	0	68171	46824
0	0	68171	0
0	0	68171	3585
0	0	68171	5324
0	0	68171	11608
0	0	68171	13197
0	0	68171	18697
0	0	68171	23379
0	0	68171	28503
0	0	68171	32660
0	0	68171	38969
0	0	68171	40883
0	0	68171	42926
0	0	68171	44617
0	0	68171	48550
0	0	68171	52828
0	0	68171	0
0	0	68171	48042
0	0	68171	0
0	0	68171	27627
0	0	68171	0
0	0	68171	4220
0	0	68171	13678
0	0	68171	16391
0	0	68171	28631
0	0	68171	34235
0	0	68171	44231
0	0	68171	0
0	0	68171	3802
0	0	68171	5883
0	0	68171	10787
0	0	68171	13182
0	0	68171	22387
0	0	68171	30893
0	0	68171	40081
0	0	68171	43774
0	0	68171	51996
0	0	68171	0
0	0	68171	5853
0	0	68171	13658
0	0	68171	16653
0	0	68171	23418
0	0	68171	28466
0	0	68171	32926
0	0	68171	36720
0	0	68171	45833
0	0	68171	0
0	0	68171	2421
0	0	68171	3602
0	0	68171	8722
0	0	68171	17315
0	0	68171	23956
0	0	68171	34425
0	0	68171	39619
0	0	68171	44386
0	0	68171	0
0	0	68171	3459
0	0	68171	7781
0	0	68171	11077
0	0	68171	14699
0	0	68171	16119
0	0	68171	19533
0	0	68171	23213
0	0	68171	28940
0	0	68171	32423
0	0	68171	35388
0	0	68171	36805
0	0	68171	39665
0	0	68171	41408
0	0	68171	0
0	0	68171	4817
0	0	68171	5975
0	0	68171	11741
0	0	68171	16960
0	0	68171	22015
0	0	68171	24499
0	0	68171	32471
0	0	68171	38570
0	0	68171	40301
0	0	68171	42517
0	0	68171	0
0	0	68171	36658
0	0	68171	39996
0	0	68171	0
0	0	68171	1081
0	0	68171	6814
0	0	68171	11632
0	0	68171	13192
0	0	68171	18782
0	0	68171	20997
0	0	68171	25502
0	0	68171	29973
0	0	68171	35874
0	0	68171	41708
0	0	68171	45710
0	0	68171	51569
0	0	68171	54014
0	0	68171	58672
0	0	68171	63228
0	0	68171	0
0	0	68171	8269
0	0	68171	15563
0	0	68171	22915
0	0	68171	30295
0	0	68171	39755
0	0	68171	46127
0	0	68171	54775
0	0	68171	61393
0	0	69171	69171
0	0	69171	0
0	0	69171	69108
0	0	69171	0
0	0	69171	52043
0	0	69171	0
0	0	69171	16928
0	0	69171	26421
0	0	69171	33494
0	0	69171	42726
0	0	69171	0
0	0	69171	36109
0	0	69171	0
0	0	69171	25778
0	0	69171	47939
0	0	69171	63767
0	0	69171	0
0	0	69171	23126
0	0	69171	30235
0	0	69171	50960
0	0	69171	0
0	0	69171	6380
0	0	69171	18343
0	0	69171	23190
0	0	69171	29544
0	0	69171	33981
0	0	69171	40628
0	0	69171	41906
0	0	69171	0
0	0	69171	5930
0	0	69171	21655
0	0	69171	33130
0	0	69171	37836
0	0	69171	50820
0	0	69171	0
0	0	69171	7420
0	0	69171	8450
0	0	69171	16043
0	0	69171	23945
0	0	69171	28289
0	0	69171	29809
0	0	69171	32836
0	0	69171	39040
0	0	69171	43143
0	0	69171	49342
0	0	69171	0
0	0	69171	17865
0	0	69171	33788
0	0	69171	0
0	0	69171	16670
0	0	69171	26374
0	0	69171	0
0	0	69171	2354
0	0	69171	3730
0	0	69171	8786
0	0	69171	11890
0	0	69171	17824
0	0	69171	20123
0	0	69171	23337
0	0	69171	27123
0	0	69171	28850
0	0	69171	31424
0	0	69171	34897
0	0	69171	37323
0	0	69171	43441
0	0	69171	46336
0	0	69171	0
0	0	69171	4435
0	0	69171	9686
0	0	69171	15306
0	0	69171	16345
0	0	69171	25456
0	0	69171	31851
0	0	69171	37504
0	0	69171	39618
0	0	69171	43353
0	0	69171	0
0	0	69171	4151
0	0	69171	6105
0	0	69171	0
0	0	69171	7553
0	0	69171	8918
0	0	69171	10832
0	0	69171	14022
0	0	69171	18418
0	0	69171	20708
0	0	69171	28767
0	0	69171	32021
0	0	69171	37549
0	0	69171	41847
0	0	69171	45542
0	0	69171	0
0	0	69171	4130
0	0	69171	8770
0	0	69171	13379
0	0	69171	16190
0	0	69171	22263
0	0	69171	23739
0	0	69171	25628
0	0	69171	29297
0	0	69171	33267
0	0	69171	37130
0	0	69171	41878
0	0	69171	45781
0	0	69171	47480
0	0	69171	48955
0	0	69171	0
0	0	69171	1236
0	0	69171	8426
0	0	69171	15814
0	0	69171	21014
0	0	69171	28404
0	0	69171	34792
0	0	69171	39029
0	0	69171	43371
0	0	69171	46564
0	0	69171	51272
0	0	69171	58700
0	0	69171	62673
0	0	69171	0
0	0	69171	6924
0	0	69171	8154
0	0	69171	15218
0	0	69171	23396
0	0	69171	27382
0	0	69171	34131
0	0	69171	0
0	0	69171	4804
0	0	69171	17473
0	0	69171	18681
0	0	69171	0
0	0	69171	6625
0	0	69171	28130
0	0	69171	0
0	0	69171	9146
0	0	69171	18675
0	0	69171	24261
0	0	69171	30361
0	0	69171	40917
0	0	69171	48873
0	0	69171	59333
0	0	69177	69177
0	0	69177	0
0	0	69177	11697
0	0	69177	23045
0	0	69177	25523
0	0	69177	35740
0	0	69177	42376
0	0	69177	48824
0	0	69177	57499
0	0	69177	0
0	0	69177	25248
0	0	69177	34826
0	0	69177	44344
0	0	69177	0
0	0	69177	4018
0	0	69177	11200
0	0	69177	15252
0	0	69177	22179
0	0	69177	28253
0	0	69177	37581
0	0	69177	46527
0	0	69177	49517
0	0	69177	55422
0	0	69177	0
0	0	69177	6265
0	0	69177	8018
0	0	69177	10850
0	0	69177	12178
0	0	69177	13218
0	0	69177	15452
0	0	69177	20043
0	0	69177	24000
0	0	69177	26883
0	0	69177	29039
0	0	69177	35523
0	0	69177	41415
0	0	69177	42815
0	0	69177	0
0	0	69177	11460
0	0	69177	20440
0	0	69177	0
0	0	69177	1626
0	0	69177	3998
0	0	69177	8685
0	0	69177	13046
0	0	69177	18473
0	0	69177	21580
0	0	69177	25775
0	0	69177	30525
0	0	69177	36287
0	0	69177	41418
0	0	69177	45765
0	0	69177	50369
0	0	69177	55736
0	0	69177	60785
0	0	69177	0
0	0	69177	8771
0	0	69177	13218
0	0	69177	24780
0	0	69177	36137
0	0	69177	39627
0	0	69177	44818
0	0	69177	56063
0	0	69177	0
0	0	69177	5340
0	0	69177	9400
0	0	69177	16314
0	0	69177	17779
0	0	69177	23331
0	0	69177	25815
0	0	69177	27129
0	0	69177	32173
0	0	69177	37619
0	0	69177	44767
0	0	69177	52180
0	0	69177	0
0	0	69177	3658
0	0	69177	5650
0	0	69177	7055
0	0	69177	9463
0	0	69177	14195
0	0	69177	18562
0	0	69177	23039
0	0	69177	25796
0	0	69177	31922
0	0	69177	34941
0	0	69177	40236
0	0	69177	43791
0	0	69177	47280
0	0	69177	48950
0	0	69177	0
0	0	69177	5298
0	0	69177	6451
0	0	69177	9038
0	0	69177	11539
0	0	69177	16592
0	0	69177	20065
0	0	69177	21287
0	0	69177	25663
0	0	69177	27191
0	0	69177	32354
0	0	69177	34502
0	0	69177	39613
0	0	69177	44973
0	0	69177	0
0	0	69177	3654
0	0	69177	10953
0	0	69177	15149
0	0	69177	21657
0	0	69177	26845
0	0	69177	28296
0	0	69177	31266
0	0	69177	38702
0	0	69177	42454
0	0	69177	43917
0	0	69177	46921
0	0	69177	0
0	0	69177	2218
0	0	69177	6185
0	0	69177	19986
0	0	69177	0
0	0	69177	2905
0	0	69177	8635
0	0	69177	16881
0	0	69177	20119
0	0	69177	28402
0	0	69177	30219
0	0	69177	35936
0	0	69177	37986
0	0	69177	41019
0	0	69177	48043
0	0	69177	0
0	0	69177	13225
0	0	69177	0
0	0	69177	4113
0	0	69177	5649
0	0	69177	7584
0	0	69177	12878
0	0	69177	14307
0	0	69177	20534
0	0	69177	24886
0	0	69177	26627
0	0	69177	30329
0	0	69177	33912
0	0	69177	35658
0	0	69177	40156
0	0	69177	44756
0	0	69177	49979
0	0	69177	0
0	0	69177	2939
0	0	69177	4754
0	0	69177	8690
0	0	69177	12867
0	0	69177	17954
0	0	69177	20105
0	0	69177	21206
0	0	69177	24426
0	0	69177	27706
0	0	69177	28810
0	0	69177	32520
0	0	69177	34981
0	0	69177	36060
0	0	69177	41881
0	0	69177	44180
0	0	69177	0
0	0	69177	9133
0	0	69177	10605
0	0	69177	20123
0	0	69177	30610
0	0	69177	33145
0	0	69177	36027
0	0	69177	45046
0	0	69177	50491
0	0	69177	0
0	0	69177	1519
0	0	69177	5023
0	0	69177	7039
0	0	69177	10942
0	0	69177	12338
0	0	69177	16496
0	0	69177	20995
0	0	69177	24546
0	0	69177	30415
0	0	69177	36220
0	0	69177	41205
0	0	69177	46831
0	0	69177	48932
0	0	69177	54496
0	0	69177	56416
0	0	69177	0
0	0	69177	8909
0	0	69177	11970
0	0	69177	13524
0	0	69177	22738
0	0	69177	24952
0	0	69177	28791
0	0	69177	34254
0	0	69177	37279
0	0	69177	0
0	0	69177	13113
0	0	69177	20114
0	0	69177	27992
0	0	69177	35465
0	0	69177	40097
0	0	69177	49810
0	0	69177	0
0	0	69177	12079
0	0	69177	17606
0	0	69177	24718
0	0	69177	39808
0	0	69177	45918
0	0	69177	0
0	0	69177	2423
0	0	69177	3674
0	0	69177	6279
0	0	69177	10546
0	0	69177	12365
0	0	69177	17341
0	0	69177	23205
0	0	69177	24882
0	0	69177	30701
0	0	69177	33829
0	0	69177	36730
0	0	69177	42395
0	0	69177	46634
0	0	69177	47769
0	0	69177	52791
0	0	69177	0
0	0	69177	3242
0	0	69177	5811
0	0	69177	8010
0	0	69177	11485
0	0	69177	15323
0	0	69177	19838
0	0	69177	24942
0	0	69177	28342
0	0	69177	34189
0	0	69177	39943
0	0	69177	43709
0	0	69177	49685
0	0	69177	55150
0	0	69177	56476
0	0	69177	59296
0	0	69177	0
0	0	69177	6669
0	0	69177	10078
0	0	69177	18385
0	0	69177	26486
0	0	69177	30255
0	0	69177	38199
0	0	69177	42894
0	0	69177	48863
0	0	69177	53394
0	0	69177	61538
0	0	69177	0
0	0	69177	7915
0	0	69177	14951
0	0	69177	19283
0	0	69177	23000
0	0	69177	30142
0	0	69177	35919
0	0	69177	37684
0	0	69177	42200
0	0	69177	50528
0	0	69177	53968
0	0	69177	0
0	0	69177	4283
0	0	69177	7853
0	0	69177	11770
0	0	69177	13441
0	0	69177	27007
0	0	69177	0
0	0	69177	6007
0	0	69177	8629
0	0	69177	15411
0	0	69177	24795
0	0	69177	31446
0	0	69177	33082
0	0	69177	43348
0	0	69177	46031
0	0	69177	0
0	0	69177	4425
0	0	69177	7214
0	0	69177	8420
0	0	69177	9744
0	0	69177	12685
0	0	69177	18770
0	0	69177	19787
0	0	69177	21497
0	0	69177	24745
0	0	69177	30229
0	0	69177	33422
0	0	69177	36688
0	0	69177	42450
0	0	69177	46376
0	0	69177	50548
0	0	69177	0
0	0	69177	10087
0	0	69177	13493
0	0	69177	21016
0	0	69177	26145
0	0	69177	32214
0	0	69177	36845
0	0	69177	47410
0	0	69177	0
0	0	69177	4711
0	0	69177	11291
0	0	69177	14536
0	0	69177	20125
0	0	69177	25486
0	0	69177	29296
0	0	69177	30504
0	0	69177	32464
0	0	69177	35028
0	0	69177	36382
0	0	69177	40360
0	0	69177	42800
0	0	69177	49101
0	0	69177	0
0	0	69177	1912
0	0	69177	35163
0	0	69177	0
0	0	69177	4071
0	0	69177	9110
0	0	69177	15243
0	0	69177	21231
0	0	69177	26095
0	0	69177	32048
0	0	69177	33824
0	0	69177	40062
0	0	69177	44679
0	0	69177	50962
0	0	69177	57648
0	0	69177	0
0	0	69177	10629
0	0	69177	14692
0	0	69177	0
0	0	69177	7886
0	0	69177	16826
0	0	69177	20794
0	0	69177	34208
0	0	69177	37750
0	0	69177	46930
0	0	69177	0
0	0	69177	1012
0	0	69177	6988
0	0	69177	10492
0	0	69177	13207
0	0	69177	18689
0	0	69177	23568
0	0	69177	29620
0	0	69177	30682
0	0	69177	37558
0	0	69177	43065
0	0	69177	47583
0	0	69177	52217
0	0	69177	55510
0	0	69177	0
0	0	69177	12435
0	0	69177	0
0	0	69177	5018
0	0	69177	9253
0	0	69177	11021
0	0	69177	17157
0	0	69177	20101
0	0	69177	26199
0	0	69177	32238
0	0	69177	36977
0	0	69177	38847
0	0	69177	42848
0	0	69177	46326
0	0	69177	52071
0	0	69177	58200
0	0	69177	64218
0	0	69177	0
0	0	69177	1412
0	0	69177	8484
0	0	69177	17583
0	0	69177	23341
0	0	69177	30724
0	0	69177	32036
0	0	69177	35532
0	0	69177	44394
0	0	69177	48719
0	0	69177	0
0	0	69177	6348
0	0	69177	10914
0	0	69177	12968
0	0	69177	17660
0	0	69177	23805
0	0	69177	29224
0	0	69177	33459
0	0	69177	34550
0	0	69177	36983
0	0	69177	40406
0	0	69177	45787
0	0	69177	47437
0	0	69177	50555
0	0	69177	0
0	0	69177	7621
0	0	69177	12008
0	0	69177	17653
0	0	69177	19155
0	0	69177	24440
0	0	69177	29556
0	0	69177	35659
0	0	69177	42408
0	0	69177	47721
0	0	69177	53312
0	0	69177	57051
0	0	69177	0
0	0	69177	6922
0	0	69177	9595
0	0	69177	13528
0	0	69177	17307
0	0	69177	19079
0	0	69177	23852
0	0	69177	27969
0	0	69177	33265
0	0	69177	34977
0	0	69177	40947
0	0	69177	42939
0	0	69177	46808
0	0	69177	48936
0	0	69177	0
0	0	69177	1305
0	0	69177	2692
0	0	69177	4566
0	0	69177	10572
0	0	69177	15438
0	0	69177	17132
0	0	69177	21436
0	0	69177	27194
0	0	69177	30290
0	0	69177	33821
0	0	69177	39094
0	0	69177	44934
0	0	69177	50680
0	0	69177	56252
0	0	69177	60981
0	0	69177	0
0	0	69177	3413
0	0	69177	9275
0	0	69177	11514
0	0	69177	18410
0	0	69177	24151
0	0	69177	28044
0	0	69177	34729
0	0	69177	43363
0	0	69177	50136
0	0	69177	0
0	0	69177	9685
0	0	69177	27960
0	0	69177	28995
0	0	69177	31994
0	0	69177	0
0	0	69177	3523
0	0	69177	6508
0	0	69177	9811
0	0	69177	13302
0	0	69177	19029
0	0	69177	23075
0	0	69177	30230
0	0	69177	35892
0	0	69177	41856
0	0	69177	43142
0	0	69177	48311
0	0	69177	51487
0	0	69177	0
0	0	69177	1588
0	0	69177	3070
0	0	69177	7775
0	0	69177	9286
0	0	69177	12921
0	0	69177	15694
0	0	69177	17379
0	0	69177	20634
0	0	69177	22788
0	0	69177	26771
0	0	69177	32338
0	0	69177	38337
0	0	69177	42261
0	0	69177	0
0	0	69177	7725
0	0	69177	10950
0	0	69177	17664
0	0	69177	20169
0	0	69177	24301
0	0	69177	32423
0	0	69177	36617
0	0	69177	39109
0	0	69177	43907
0	0	69177	0
0	0	69177	2503
0	0	69177	5039
0	0	69177	6948
0	0	69177	9624
0	0	69177	10883
0	0	69177	13238
0	0	69177	16137
0	0	69177	19198
0	0	69177	20740
0	0	69177	23506
0	0	69177	25004
0	0	69177	30749
0	0	69177	31919
0	0	69177	33811
0	0	69177	39747
0	0	69177	0
0	0	69177	4059
0	0	69177	11810
0	0	69177	15317
0	0	69177	17089
0	0	69177	22177
0	0	69177	23569
0	0	69177	29301
0	0	69177	32308
0	0	69177	35220
0	0	69177	41277
0	0	69177	0
0	0	69177	12803
0	0	69177	20745
0	0	69177	27282
0	0	69177	0
0	0	69177	5456
0	0	69177	7018
0	0	69177	9071
0	0	69177	10441
0	0	69177	18275
0	0	69177	23979
0	0	69177	30367
0	0	69177	38188
0	0	69177	43356
0	0	69177	50785
0	0	69177	56725
0	0	69177	0
0	0	69177	1701
0	0	69177	7191
0	0	69177	14754
0	0	69177	22557
0	0	69177	27901
0	0	69177	31799
0	0	69177	36467
0	0	69177	37468
0	0	69177	45101
0	0	69177	46283
0	0	69177	47996
0	0	69177	0
0	0	69177	9171
0	0	69177	15598
0	0	69177	19717
0	0	69177	30748
0	0	69177	0
0	0	69177	1366
0	0	69177	5089
0	0	69177	7523
0	0	69177	10278
0	0	69177	19677
0	0	69177	25560
0	0	69177	32469
0	0	69177	41837
0	0	69177	49593
0	0	69177	0
0	0	69177	10765
0	0	69177	14213
0	0	69177	21514
0	0	69177	28257
0	0	69177	38664
0	0	69177	47255
0	0	69177	52889
0	0	69177	0
0	0	69177	1132
0	0	69177	6232
0	0	69177	14183
0	0	69177	16499
0	0	69177	23927
0	0	69177	33043
0	0	69177	34641
0	0	69177	40850
0	0	69177	46044
0	0	69177	0
0	0	69177	5004
0	0	69177	8736
0	0	69177	13724
0	0	69177	16314
0	0	69177	18678
0	0	69177	22220
0	0	69177	27092
0	0	69177	31606
0	0	69177	36284
0	0	69177	39056
0	0	69177	44598
0	0	69177	50606
0	0	69177	55629
0	0	69177	59715
0	0	69177	64889
0	0	69177	0
0	0	69177	1037
0	0	69177	3801
0	0	69177	7531
0	0	69177	8795
0	0	69177	14185
0	0	69177	16126
0	0	69177	21982
0	0	69177	23108
0	0	69177	27875
0	0	69177	29127
0	0	69177	31666
0	0	69177	34487
0	0	69177	39441
0	0	69177	44669
0	0	69177	50444
0	0	69177	0
0	0	69177	11792
0	0	69177	48264
0	0	69177	0
0	0	69177	7907
0	0	69177	16395
0	0	69177	23476
0	0	69177	26595
0	0	69177	31058
0	0	69177	40799
0	0	69177	0
0	0	69177	6587
0	0	69177	12141
0	0	69177	21450
0	0	69177	24786
0	0	69177	28927
0	0	69177	33537
0	0	69177	34719
0	0	69177	42256
0	0	69177	0
0	0	69177	20224
0	0	69177	0
0	0	69177	1026
0	0	69177	2756
0	0	69177	10351
0	0	69177	13318
0	0	69177	16077
0	0	69177	21810
0	0	69177	30284
0	0	69177	33457
0	0	69177	0
0	0	69177	1722
0	0	69177	6752
0	0	69177	10414
0	0	69177	14358
0	0	69177	19704
0	0	69177	25930
0	0	69177	28881
0	0	69177	34154
0	0	69177	38888
0	0	69177	42760
0	0	69177	48249
0	0	69177	50256
0	0	69177	52232
0	0	69177	56658
0	0	69177	0
0	0	69177	14062
0	0	69177	47110
0	0	69177	0
0	0	69177	36699
0	0	69177	43351
0	0	69177	0
0	0	69177	10243
0	0	69177	0
0	0	69177	13954
0	0	69177	24664
0	0	69177	25834
0	0	69177	35361
0	0	69177	50102
0	0	69177	0
0	0	69177	4947
0	0	69177	11452
0	0	69177	15358
0	0	69177	18583
0	0	69177	28578
0	0	69177	35895
0	0	69177	39768
0	0	69177	47570
0	0	69177	0
0	0	69177	10134
0	0	69177	21600
0	0	69177	0
0	0	69177	3819
0	0	69177	7060
0	0	69177	8656
0	0	69177	12545
0	0	69177	15197
0	0	69177	17235
0	0	69177	23047
0	0	69177	27764
0	0	69177	33162
0	0	69177	38399
0	0	69177	43850
0	0	69177	49677
0	0	69177	51915
0	0	69177	57382
0	0	69177	62587
0	0	69177	0
0	0	69177	6844
0	0	69177	17026
0	0	69177	24766
0	0	69177	34910
0	0	69177	43988
0	0	69177	52490
0	0	69177	56608
0	0	69177	63318
0	0	69177	0
0	0	69177	6383
0	0	69177	12544
0	0	69177	20034
0	0	69177	27038
0	0	69177	28232
0	0	69177	32556
0	0	69177	35725
0	0	69177	40685
0	0	69177	48452
0	0	69177	55731
0	0	69177	62225
0	0	69177	0
0	0	69177	1070
0	0	69177	8286
0	0	69177	16994
0	0	69177	19733
0	0	69177	27583
0	0	69177	37019
0	0	69177	44215
0	0	69177	52635
0	0	69177	58932
0	0	69177	0
0	0	69177	18873
0	0	69177	28650
0	0	69177	31470
0	0	69177	44754
0	0	69177	0
0	0	69177	2447
0	0	69177	6416
0	0	69177	9102
0	0	69177	14378
0	0	69177	18366
0	0	69177	21848
0	0	69177	27110
0	0	69177	30560
0	0	69177	34058
0	0	69177	35990
0	0	69177	41774
0	0	69177	44204
0	0	69177	47062
0	0	69177	49552
69177
